-0.026819
-0.0272513
-0.0276905
-0.0281368
-0.0285903
-0.0290511
-0.0295193
-0.029995
-0.0304784
-0.0309696
-0.0314687
-0.0319759
-0.0324912
-0.0330148
-0.0335468
-0.0340874
-0.0346368
-0.0351949
-0.035762
-0.0363383
-0.0369239
-0.0375188
-0.0381234
-0.0387377
-0.0393619
-0.0399961
-0.0406405
-0.0412953
-0.0419606
-0.0426367
-0.0433236
-0.0440216
-0.0447308
-0.0454514
-0.0461837
-0.0469277
-0.0476837
-0.0484518
-0.0492323
-0.0500254
-0.0508312
-0.05165
-0.0524819
-0.0533272
-0.0541862
-0.0550589
-0.0559457
-0.0568468
-0.0577623
-0.0586926
-0.0596378
-0.0605982
-0.0615741
-0.0625656
-0.0635731
-0.0645968
-0.065637
-0.0666938
-0.0677677
-0.0688588
-0.0699675
-0.0710939
-0.0722385
-0.0734015
-0.0745832
-0.0757838
-0.0770037
-0.0782433
-0.0795027
-0.0807824
-0.0820827
-0.0834038
-0.0847461
-0.08611
-0.0874958
-0.0889039
-0.0903345
-0.0917882
-0.0932651
-0.0947658
-0.0962906
-0.0978398
-0.0994139
-0.101013
-0.102638
-0.104289
-0.105967
-0.107671
-0.109403
-0.111163
-0.112951
-0.114767
-0.116613
-0.118488
-0.120393
-0.122329
-0.124296
-0.126295
-0.128325
-0.130388
-0.132484
-0.134614
-0.136777
-0.138976
-0.141209
-0.143479
-0.145784
-0.148127
-0.150507
-0.152925
-0.155382
-0.157878
-0.160414
-0.162991
-0.165609
-0.168269
-0.170971
-0.173717
-0.176506
-0.17934
-0.182219
-0.185145
-0.188117
-0.191136
-0.194204
-0.197321
-0.200487
-0.203704
-0.206973
-0.210293
-0.213667
-0.217094
-0.220576
-0.224114
-0.227708
-0.231359
-0.235069
-0.238838
-0.242666
-0.246556
-0.250508
-0.254522
-0.258601
-0.262744
-0.266953
-0.27123
-0.275574
-0.279988
-0.284471
-0.289026
-0.293653
-0.298354
-0.30313
-0.307981
-0.312909
-0.317916
-0.323002
-0.328168
-0.333417
-0.338749
-0.344165
-0.349667
-0.355257
-0.360935
-0.366702
-0.372562
-0.378513
-0.384559
-0.390701
-0.396939
-0.403277
-0.409714
-0.416253
-0.422895
-0.429642
-0.436496
-0.443458
-0.450529
-0.457712
-0.465008
-0.472419
-0.479946
-0.487592
-0.495358
-0.503247
-0.511259
-0.519397
-0.527663
-0.536059
-0.544586
-0.553247
-0.562044
-0.570979
-0.580053
-0.58927
-0.598631
-0.608138
-0.617794
-0.627601
-0.63756
-0.647675
-0.657948
-0.668381
-0.678977
-0.689738
-0.700665
-0.711763
-0.723034
-0.734479
-0.746102
-0.757906
-0.769892
-0.782064
-0.794425
-0.806977
-0.819723
-0.832666
-0.845809
-0.859154
-0.872706
-0.886466
-0.900438
-0.914625
-0.92903
-0.943656
-0.958507
-0.973585
-0.988895
-1.00444
-1.02022
-1.03624
-1.05251
-1.06903
-1.08579
-1.10282
-1.1201
-1.13764
-1.15545
-1.17354
-1.19189
-1.21052
-1.22944
-1.24864
-1.26813
-1.28791
-1.30799
-1.32838
-1.34907
-1.37007
-1.39138
-1.41302
-1.43497
-1.45726
-1.47988
-1.50283
-1.52613
-1.54977
-1.57376
-1.59811
-1.62282
-1.64789
-1.67333
-1.69915
-1.72534
-1.75193
-1.7789
-1.80626
-1.83403
-1.8622
-1.89078
-1.91977
-1.94919
-1.97903
-2.0093
-2.04001
-2.07117
-2.10277
-2.13482
-2.16734
-2.20031
-2.23376
-2.26769
-2.30209
-2.33699
-2.37237
-2.40826
-2.44465
-2.48155
-2.51897
-2.55691
-2.59539
-2.63439
-2.67394
-2.71404
-2.75468
-2.79589
-2.83767
-2.88001
-2.92294
-2.96644
-3.01054
-3.05524
-3.10053
-3.14644
-3.19296
-3.24011
-3.28788
-3.33629
-3.38533
-3.43503
-3.48537
-3.53638
-3.58805
-3.64039
-3.69341
-3.74711
-3.8015
-3.85659
-3.91238
-3.96888
-4.02609
-4.08402
-4.14267
-4.20206
-4.26218
-4.32305
-4.38466
-4.44703
-4.51016
-4.57404
-4.6387
-4.70414
-4.77035
-4.83735
-4.90513
-4.97371
-5.04309
-5.11327
-5.18426
-5.25606
-5.32867
-5.4021
-5.47636
-5.55144
-5.62735
-5.7041
-5.78168
-5.86009
-5.93935
-6.01945
-6.1004
-6.18219
-6.26484
-6.34833
-6.43267
-6.51787
-6.60392
-6.69082
-6.77858
-6.86719
-6.95665
-7.04696
-7.13813
-7.23014
-7.323
-7.4167
-7.51125
-7.60664
-7.70286
-7.79992
-7.8978
-7.99651
-8.09604
-8.19638
-8.29753
-8.39949
-8.50224
-8.60577
-8.71009
-8.81518
-8.92104
-9.02765
-9.13501
-9.2431
-9.35192
-9.46146
-9.5717
-9.68263
-9.79424
-9.90651
-10.0194
-10.133
-10.2472
-10.362
-10.4774
-10.5933
-10.7098
-10.8269
-10.9445
-11.0625
-11.1811
-11.3001
-11.4196
-11.5395
-11.6598
-11.7804
-11.9014
-12.0227
-12.1444
-12.2663
-12.3885
-12.5108
-12.6334
-12.7562
-12.8791
-13.0021
-13.1252
-13.2483
-13.3715
-13.4947
-13.6178
-13.7408
-13.8637
-13.9865
-14.1091
-14.2316
-14.3537
-14.4756
-14.5972
-14.7184
-14.8392
-14.9596
-15.0795
-15.1989
-15.3178
-15.4361
-15.5537
-15.6707
-15.787
-15.9026
-16.0173
-16.1313
-16.2444
-16.3565
-16.4677
-16.578
-16.6872
-16.7953
-16.9023
-17.0081
-17.1128
-17.2162
-17.3183
-17.4191
-17.5185
-17.6165
-17.7131
-17.8082
-17.9018
-17.9937
-18.0841
-18.1728
-18.2599
-18.3452
-18.4287
-18.5105
-18.5904
-18.6684
-18.7445
-18.8187
-18.8908
-18.961
-19.0291
-19.0952
-19.1591
-19.2209
-19.2805
-19.3379
-19.3931
-19.446
-19.4966
-19.5449
-19.5909
-19.6346
-19.6759
-19.7147
-19.7512
-19.7852
-19.8168
-19.8459
-19.8725
-19.8967
-19.9183
-19.9374
-19.954
-19.968
-19.9795
-19.9885
-19.9949
-19.9987
-20
-19.9987
-19.9949
-19.9885
-19.9795
-19.968
-19.954
-19.9374
-19.9183
-19.8967
-19.8725
-19.8459
-19.8168
-19.7852
-19.7512
-19.7147
-19.6759
-19.6346
-19.5909
-19.5449
-19.4966
-19.446
-19.3931
-19.3379
-19.2805
-19.2209
-19.1591
-19.0952
-19.0291
-18.961
-18.8908
-18.8187
-18.7445
-18.6684
-18.5904
-18.5105
-18.4287
-18.3452
-18.2599
-18.1728
-18.0841
-17.9937
-17.9018
-17.8082
-17.7131
-17.6165
-17.5185
-17.4191
-17.3183
-17.2162
-17.1128
-17.0081
-16.9023
-16.7953
-16.6872
-16.578
-16.4677
-16.3565
-16.2444
-16.1313
-16.0173
-15.9026
-15.787
-15.6707
-15.5537
-15.4361
-15.3178
-15.1989
-15.0795
-14.9596
-14.8392
-14.7184
-14.5972
-14.4756
-14.3537
-14.2316
-14.1091
-13.9865
-13.8637
-13.7408
-13.6178
-13.4947
-13.3715
-13.2483
-13.1252
-13.0021
-12.8791
-12.7562
-12.6334
-12.5108
-12.3885
-12.2663
-12.1444
-12.0227
-11.9014
-11.7804
-11.6598
-11.5395
-11.4196
-11.3001
-11.1811
-11.0625
-10.9445
-10.8269
-10.7098
-10.5933
-10.4774
-10.362
-10.2472
-10.133
-10.0194
-9.90651
-9.79424
-9.68263
-9.5717
-9.46146
-9.35192
-9.2431
-9.13501
-9.02765
-8.92104
-8.81518
-8.71009
-8.60577
-8.50224
-8.39949
-8.29753
-8.19638
-8.09604
-7.99651
-7.8978
-7.79992
-7.70286
-7.60664
-7.51125
-7.4167
-7.323
-7.23014
-7.13813
-7.04696
-6.95665
-6.86719
-6.77858
-6.69082
-6.60392
-6.51787
-6.43267
-6.34833
-6.26484
-6.18219
-6.1004
-6.01945
-5.93935
-5.86009
-5.78168
-5.7041
-5.62735
-5.55144
-5.47636
-5.4021
-5.32867
-5.25606
-5.18426
-5.11327
-5.04309
-4.97371
-4.90513
-4.83735
-4.77035
-4.70414
-4.6387
-4.57404
-4.51016
-4.44703
-4.38466
-4.32305
-4.26218
-4.20206
-4.14267
-4.08402
-4.02609
-3.96888
-3.91238
-3.85659
-3.8015
-3.74711
-3.69341
-3.64039
-3.58805
-3.53638
-3.48537
-3.43503
-3.38533
-3.33629
-3.28788
-3.24011
-3.19296
-3.14644
-3.10053
-3.05524
-3.01054
-2.96644
-2.92294
-2.88001
-2.83767
-2.79589
-2.75468
-2.71404
-2.67394
-2.63439
-2.59539
-2.55691
-2.51897
-2.48155
-2.44465
-2.40826
-2.37237
-2.33699
-2.30209
-2.26769
-2.23376
-2.20031
-2.16734
-2.13482
-2.10277
-2.07117
-2.04001
-2.0093
-1.97903
-1.94919
-1.91977
-1.89078
-1.8622
-1.83403
-1.80626
-1.7789
-1.75193
-1.72534
-1.69915
-1.67333
-1.64789
-1.62282
-1.59811
-1.57376
-1.54977
-1.52613
-1.50283
-1.47988
-1.45726
-1.43497
-1.41302
-1.39138
-1.37007
-1.34907
-1.32838
-1.30799
-1.28791
-1.26813
-1.24864
-1.22944
-1.21052
-1.19189
-1.17354
-1.15545
-1.13764
-1.1201
-1.10282
-1.08579
-1.06903
-1.05251
-1.03624
-1.02022
-1.00444
-0.988895
-0.973585
-0.958507
-0.943656
-0.92903
-0.914625
-0.900438
-0.886466
-0.872706
-0.859154
-0.845809
-0.832666
-0.819723
-0.806977
-0.794425
-0.782064
-0.769892
-0.757906
-0.746102
-0.734479
-0.723034
-0.711763
-0.700665
-0.689738
-0.678977
-0.668381
-0.657948
-0.647675
-0.63756
-0.627601
-0.617794
-0.608138
-0.598631
-0.58927
-0.580053
-0.570979
-0.562044
-0.553247
-0.544586
-0.536059
-0.527663
-0.519397
-0.511259
-0.503247
-0.495358
-0.487592
-0.479946
-0.472419
-0.465008
-0.457712
-0.450529
-0.443458
-0.436496
-0.429642
-0.422895
-0.416253
-0.409714
-0.403277
-0.396939
-0.390701
-0.384559
-0.378513
-0.372562
-0.366702
-0.360935
-0.355257
-0.349667
-0.344165
-0.338749
-0.333417
-0.328168
-0.323002
-0.317916
-0.312909
-0.307981
-0.30313
-0.298354
-0.293653
-0.289026
-0.284471
-0.279988
-0.275574
-0.27123
-0.266953
-0.262744
-0.258601
-0.254522
-0.250508
-0.246556
-0.242666
-0.238838
-0.235069
-0.231359
-0.227708
-0.224114
-0.220576
-0.217094
-0.213667
-0.210293
-0.206973
-0.203704
-0.200487
-0.197321
-0.194204
-0.191136
-0.188117
-0.185145
-0.182219
-0.17934
-0.176506
-0.173717
-0.170971
-0.168269
-0.165609
-0.162991
-0.160414
-0.157878
-0.155382
-0.152925
-0.150507
-0.148127
-0.145784
-0.143479
-0.141209
-0.138976
-0.136777
-0.134614
-0.132484
-0.130388
-0.128325
-0.126295
-0.124296
-0.122329
-0.120393
-0.118488
-0.116613
-0.114767
-0.112951
-0.111163
-0.109403
-0.107671
-0.105967
-0.104289
-0.102638
-0.101013
-0.0994139
-0.0978398
-0.0962906
-0.0947658
-0.0932651
-0.0917882
-0.0903345
-0.0889039
-0.0874958
-0.08611
-0.0847461
-0.0834038
-0.0820827
-0.0807824
-0.0795027
-0.0782433
-0.0770037
-0.0757838
-0.0745832
-0.0734015
-0.0722385
-0.0710939
-0.0699675
-0.0688588
-0.0677677
-0.0666938
-0.065637
-0.0645968
-0.0635731
-0.0625656
-0.0615741
-0.0605982
-0.0596378
-0.0586926
-0.0577623
-0.0568468
-0.0559457
-0.0550589
-0.0541862
-0.0533272
-0.0524819
-0.05165
-0.0508312
-0.0500254
-0.0492323
-0.0484518
-0.0476837
-0.0469277
-0.0461837
-0.0454514
-0.0447308
-0.0440216
-0.0433236
-0.0426367
-0.0419606
-0.0412953
-0.0406405
-0.0399961
-0.0393619
-0.0387377
-0.0381234
-0.0375188
-0.0369239
-0.0363383
-0.035762
-0.0351949
-0.0346368
-0.0340874
-0.0335468
-0.0330148
-0.0324912
-0.0319759
-0.0314687
-0.0309696
-0.0304784
-0.029995
-0.0295193
-0.0290511
-0.0285903
-0.0281368
-0.0276905
-0.0272513
-0.026819
