-6
-5.988
-5.976
-5.964
-5.952
-5.94
-5.928
-5.916
-5.904
-5.892
-5.88
-5.868
-5.856
-5.844
-5.832
-5.82
-5.808
-5.796
-5.784
-5.772
-5.76
-5.748
-5.736
-5.724
-5.712
-5.7
-5.688
-5.676
-5.664
-5.652
-5.64
-5.628
-5.616
-5.604
-5.592
-5.58
-5.568
-5.556
-5.544
-5.532
-5.52
-5.508
-5.496
-5.484
-5.472
-5.46
-5.448
-5.436
-5.424
-5.412
-5.4
-5.388
-5.376
-5.364
-5.352
-5.34
-5.328
-5.316
-5.304
-5.292
-5.28
-5.268
-5.256
-5.244
-5.232
-5.22
-5.208
-5.196
-5.184
-5.172
-5.16
-5.148
-5.136
-5.124
-5.112
-5.1
-5.088
-5.076
-5.064
-5.052
-5.04
-5.028
-5.016
-5.004
-4.992
-4.98
-4.968
-4.956
-4.944
-4.932
-4.92
-4.908
-4.896
-4.884
-4.872
-4.86
-4.848
-4.836
-4.824
-4.812
-4.8
-4.788
-4.776
-4.764
-4.752
-4.74
-4.728
-4.716
-4.704
-4.692
-4.68
-4.668
-4.656
-4.644
-4.632
-4.62
-4.608
-4.596
-4.584
-4.572
-4.56
-4.548
-4.536
-4.524
-4.512
-4.5
-4.488
-4.476
-4.464
-4.452
-4.44
-4.428
-4.416
-4.404
-4.392
-4.38
-4.368
-4.356
-4.344
-4.332
-4.32
-4.308
-4.296
-4.284
-4.272
-4.26
-4.248
-4.236
-4.224
-4.212
-4.2
-4.188
-4.176
-4.164
-4.152
-4.14
-4.128
-4.116
-4.104
-4.092
-4.08
-4.068
-4.056
-4.044
-4.032
-4.02
-4.008
-3.996
-3.984
-3.972
-3.96
-3.948
-3.936
-3.924
-3.912
-3.9
-3.888
-3.876
-3.864
-3.852
-3.84
-3.828
-3.816
-3.804
-3.792
-3.78
-3.768
-3.756
-3.744
-3.732
-3.72
-3.708
-3.696
-3.684
-3.672
-3.66
-3.648
-3.636
-3.624
-3.612
-3.6
-3.588
-3.576
-3.564
-3.552
-3.54
-3.528
-3.516
-3.504
-3.492
-3.48
-3.468
-3.456
-3.444
-3.432
-3.42
-3.408
-3.396
-3.384
-3.372
-3.36
-3.348
-3.336
-3.324
-3.312
-3.3
-3.288
-3.276
-3.264
-3.252
-3.24
-3.228
-3.216
-3.204
-3.192
-3.18
-3.168
-3.156
-3.144
-3.132
-3.12
-3.108
-3.096
-3.084
-3.072
-3.06
-3.048
-3.036
-3.024
-3.012
-3
-2.988
-2.976
-2.964
-2.952
-2.94
-2.928
-2.916
-2.904
-2.892
-2.88
-2.868
-2.856
-2.844
-2.832
-2.82
-2.808
-2.796
-2.784
-2.772
-2.76
-2.748
-2.736
-2.724
-2.712
-2.7
-2.688
-2.676
-2.664
-2.652
-2.64
-2.628
-2.616
-2.604
-2.592
-2.58
-2.568
-2.556
-2.544
-2.532
-2.52
-2.508
-2.496
-2.484
-2.472
-2.46
-2.448
-2.436
-2.424
-2.412
-2.4
-2.388
-2.376
-2.364
-2.352
-2.34
-2.328
-2.316
-2.304
-2.292
-2.28
-2.268
-2.256
-2.244
-2.232
-2.22
-2.208
-2.196
-2.184
-2.172
-2.16
-2.148
-2.136
-2.124
-2.112
-2.1
-2.088
-2.076
-2.064
-2.052
-2.04
-2.028
-2.016
-2.004
-1.992
-1.98
-1.968
-1.956
-1.944
-1.932
-1.92
-1.908
-1.896
-1.884
-1.872
-1.86
-1.848
-1.836
-1.824
-1.812
-1.8
-1.788
-1.776
-1.764
-1.752
-1.74
-1.728
-1.716
-1.704
-1.692
-1.68
-1.668
-1.656
-1.644
-1.632
-1.62
-1.608
-1.596
-1.584
-1.572
-1.56
-1.548
-1.536
-1.524
-1.512
-1.5
-1.488
-1.476
-1.464
-1.452
-1.44
-1.428
-1.416
-1.404
-1.392
-1.38
-1.368
-1.356
-1.344
-1.332
-1.32
-1.308
-1.296
-1.284
-1.272
-1.26
-1.248
-1.236
-1.224
-1.212
-1.2
-1.188
-1.176
-1.164
-1.152
-1.14
-1.128
-1.116
-1.104
-1.092
-1.08
-1.068
-1.056
-1.044
-1.032
-1.02
-1.008
-0.996
-0.984
-0.972
-0.96
-0.948
-0.936
-0.924
-0.912
-0.9
-0.888
-0.876
-0.864
-0.852
-0.84
-0.828
-0.816
-0.804
-0.792
-0.78
-0.768
-0.756
-0.744
-0.732
-0.72
-0.708
-0.696
-0.684
-0.672
-0.66
-0.648
-0.636
-0.624
-0.612
-0.6
-0.588
-0.576
-0.564
-0.552
-0.54
-0.528
-0.516
-0.504
-0.492
-0.48
-0.468
-0.456
-0.444
-0.432
-0.42
-0.408
-0.396
-0.384
-0.372
-0.36
-0.348
-0.336
-0.324
-0.312
-0.3
-0.288
-0.276
-0.264
-0.252
-0.24
-0.228
-0.216
-0.204
-0.192
-0.18
-0.168
-0.156
-0.144
-0.132
-0.12
-0.108
-0.096
-0.084
-0.072
-0.06
-0.048
-0.036
-0.024
-0.012
0
0.012
0.024
0.036
0.048
0.06
0.072
0.084
0.096
0.108
0.12
0.132
0.144
0.156
0.168
0.18
0.192
0.204
0.216
0.228
0.24
0.252
0.264
0.276
0.288
0.3
0.312
0.324
0.336
0.348
0.36
0.372
0.384
0.396
0.408
0.42
0.432
0.444
0.456
0.468
0.48
0.492
0.504
0.516
0.528
0.54
0.552
0.564
0.576
0.588
0.6
0.612
0.624
0.636
0.648
0.66
0.672
0.684
0.696
0.708
0.72
0.732
0.744
0.756
0.768
0.78
0.792
0.804
0.816
0.828
0.84
0.852
0.864
0.876
0.888
0.9
0.912
0.924
0.936
0.948
0.96
0.972
0.984
0.996
1.008
1.02
1.032
1.044
1.056
1.068
1.08
1.092
1.104
1.116
1.128
1.14
1.152
1.164
1.176
1.188
1.2
1.212
1.224
1.236
1.248
1.26
1.272
1.284
1.296
1.308
1.32
1.332
1.344
1.356
1.368
1.38
1.392
1.404
1.416
1.428
1.44
1.452
1.464
1.476
1.488
1.5
1.512
1.524
1.536
1.548
1.56
1.572
1.584
1.596
1.608
1.62
1.632
1.644
1.656
1.668
1.68
1.692
1.704
1.716
1.728
1.74
1.752
1.764
1.776
1.788
1.8
1.812
1.824
1.836
1.848
1.86
1.872
1.884
1.896
1.908
1.92
1.932
1.944
1.956
1.968
1.98
1.992
2.004
2.016
2.028
2.04
2.052
2.064
2.076
2.088
2.1
2.112
2.124
2.136
2.148
2.16
2.172
2.184
2.196
2.208
2.22
2.232
2.244
2.256
2.268
2.28
2.292
2.304
2.316
2.328
2.34
2.352
2.364
2.376
2.388
2.4
2.412
2.424
2.436
2.448
2.46
2.472
2.484
2.496
2.508
2.52
2.532
2.544
2.556
2.568
2.58
2.592
2.604
2.616
2.628
2.64
2.652
2.664
2.676
2.688
2.7
2.712
2.724
2.736
2.748
2.76
2.772
2.784
2.796
2.808
2.82
2.832
2.844
2.856
2.868
2.88
2.892
2.904
2.916
2.928
2.94
2.952
2.964
2.976
2.988
3
3.012
3.024
3.036
3.048
3.06
3.072
3.084
3.096
3.108
3.12
3.132
3.144
3.156
3.168
3.18
3.192
3.204
3.216
3.228
3.24
3.252
3.264
3.276
3.288
3.3
3.312
3.324
3.336
3.348
3.36
3.372
3.384
3.396
3.408
3.42
3.432
3.444
3.456
3.468
3.48
3.492
3.504
3.516
3.528
3.54
3.552
3.564
3.576
3.588
3.6
3.612
3.624
3.636
3.648
3.66
3.672
3.684
3.696
3.708
3.72
3.732
3.744
3.756
3.768
3.78
3.792
3.804
3.816
3.828
3.84
3.852
3.864
3.876
3.888
3.9
3.912
3.924
3.936
3.948
3.96
3.972
3.984
3.996
4.008
4.02
4.032
4.044
4.056
4.068
4.08
4.092
4.104
4.116
4.128
4.14
4.152
4.164
4.176
4.188
4.2
4.212
4.224
4.236
4.248
4.26
4.272
4.284
4.296
4.308
4.32
4.332
4.344
4.356
4.368
4.38
4.392
4.404
4.416
4.428
4.44
4.452
4.464
4.476
4.488
4.5
4.512
4.524
4.536
4.548
4.56
4.572
4.584
4.596
4.608
4.62
4.632
4.644
4.656
4.668
4.68
4.692
4.704
4.716
4.728
4.74
4.752
4.764
4.776
4.788
4.8
4.812
4.824
4.836
4.848
4.86
4.872
4.884
4.896
4.908
4.92
4.932
4.944
4.956
4.968
4.98
4.992
5.004
5.016
5.028
5.04
5.052
5.064
5.076
5.088
5.1
5.112
5.124
5.136
5.148
5.16
5.172
5.184
5.196
5.208
5.22
5.232
5.244
5.256
5.268
5.28
5.292
5.304
5.316
5.328
5.34
5.352
5.364
5.376
5.388
5.4
5.412
5.424
5.436
5.448
5.46
5.472
5.484
5.496
5.508
5.52
5.532
5.544
5.556
5.568
5.58
5.592
5.604
5.616
5.628
5.64
5.652
5.664
5.676
5.688
5.7
5.712
5.724
5.736
5.748
5.76
5.772
5.784
5.796
5.808
5.82
5.832
5.844
5.856
5.868
5.88
5.892
5.904
5.916
5.928
5.94
5.952
5.964
5.976
5.988
6
